   2.0000000e+00   1.0818530e+00   7.8945928e-01   5.5491543e-02   1.1173668e+00  -1.1611187e+00  -6.5650592e-02  -1.5224882e-01  -3.6986300e-01  -3.8741852e-01  -1.3244580e+00
   2.0000000e+00   4.2519506e-01   8.3115344e-01  -7.2807490e-01   7.9884352e-01  -1.6140357e+00   5.9239867e-01  -2.5754131e-01   1.7194019e+00   5.0210132e-01  -4.1064836e-01
   2.0000000e+00  -1.8076125e-01   6.6208548e-01  -1.8214509e-02  -1.0408274e+00  -1.0260998e+00   7.3478961e-01   7.4871876e-02  -1.0871760e-01   1.5552568e+00  -7.1170308e-01
   2.0000000e+00  -1.3346653e+00  -8.0828397e-01  -2.9485644e+00  -7.0282139e-01   7.9673635e-01  -3.3704833e-01   1.0961660e+00   1.8680231e+00   4.6225815e-01  -8.8283886e-01
   2.0000000e+00   3.8762607e-01   2.2211551e-01   1.0745751e+00   5.8149751e-01   2.0547150e-01   5.5118403e-01   3.1278009e-02  -1.4319449e+00  -4.2844146e-01  -5.0235761e-01
   2.0000000e+00   1.2742982e+00   1.0164054e+00   1.8412501e+00   1.7327157e+00  -3.4618178e-01   1.8886240e-02   1.6946640e+00   5.6435710e-01  -3.1335392e-01   2.4698815e-01
   2.0000000e+00   8.9546747e-01  -2.6704729e-01   2.4154823e+00  -1.2084411e+00  -1.1277816e+00   3.6261102e-01  -9.2017439e-01  -7.3440934e-01   2.6559856e-01  -9.7204218e-01
   2.0000000e+00   1.0411301e-01   8.4178834e-01   1.0737127e+00   1.1595324e+00   1.4021947e+00  -1.4465972e+00  -1.1058183e+00  -2.6584545e-01  -1.8261743e+00   1.2750027e+00
   2.0000000e+00  -1.1448052e+00   1.0866510e+00  -1.0095239e+00   5.6068516e-01  -1.0054947e+00   3.9491366e-01  -1.7575803e+00  -1.1089262e+00   9.5947804e-01  -3.5019402e-01
   2.0000000e+00  -1.6049131e+00  -1.3761091e+00  -1.2435413e+00  -2.4652286e+00   9.3346229e-01  -2.3867131e-01  -4.8654065e-01  -5.2575406e-01  -1.9903563e+00   2.1341015e+00
   2.0000000e+00  -1.0228273e-01  -1.1933000e-01  -6.8616614e-01  -1.9553869e+00  -3.1114366e-01  -1.1670668e+00   7.4662034e-01  -5.2901968e-02   5.7925995e-01  -2.4384370e-01
   2.0000000e+00  -8.4127663e-01   1.5185071e-01  -1.8264939e+00   5.2285426e-01   1.0172769e-01   9.0165717e-01  -1.0391679e-01  -5.8767743e-01   1.3413653e+00   3.7351929e-03
   2.0000000e+00   1.0206552e+00   5.7748744e-01  -3.7044746e-02  -1.3408649e+00   1.4585188e+00   6.5868986e-02  -4.5524352e-01   4.5215760e-01  -2.2301433e+00   1.8018275e+00
   2.0000000e+00   1.8072639e+00  -3.3623214e-01   1.1595469e-01   2.0370779e+00   1.1223575e+00  -5.3202559e-01  -1.3126947e+00  -1.0190175e+00   6.4366263e-01   1.1718225e+00
   2.0000000e+00  -1.1203886e+00   9.8490540e-01   1.8046538e+00   9.1513387e-01   6.7957595e-02  -7.8469698e-01   4.2786461e-01  -5.1208021e-01   1.9059542e+00  -6.6159511e-01
   2.0000000e+00   5.7844759e-02   1.4338603e+00  -9.8912696e-01  -1.4987332e+00  -1.5317089e-01   1.4113700e+00   1.6801289e+00   7.6724602e-01   8.4317813e-02   2.6391065e-01
   2.0000000e+00   9.2529683e-01  -2.7428296e-01  -6.0461852e-01   1.8722476e+00   1.7252674e-01   1.2615651e+00   4.2251617e-02   1.2396482e+00  -2.6245048e-01   7.9096295e-01
   1.0000000e+00   2.2107570e-01   1.3443369e+00   5.6003878e-01  -8.9989713e-01  -9.0864438e-01  -2.2085883e+00   1.0731483e+00   5.0203027e-01  -1.1716270e-01   2.3874872e-02
   2.0000000e+00  -1.3264438e+00   1.6431329e+00  -6.2854333e-01  -1.6801185e-01   6.1075554e-02   2.2781461e-01   7.6763939e-01   7.3381664e-02  -6.5378208e-01  -7.3563549e-01
   2.0000000e+00   1.6688487e+00   1.1825782e+00  -3.6285432e-01  -7.6237923e-01   2.6957879e-01  -8.4724265e-01   1.8163058e+00   5.5792722e-01   2.9505703e-01  -6.1777123e-01
   1.0000000e+00  -3.3557516e-02  -7.6706869e-01   6.4349760e-02   8.7112260e-02   1.8232389e+00  -8.9830848e-01   8.1149707e-02   1.8527334e+00  -5.3428455e-01  -3.5176656e-02
   2.0000000e+00  -1.3257149e+00  -6.6273568e-01   3.2783727e-01   3.2227685e-01   1.3306063e+00  -1.7815323e+00   1.3165121e+00  -2.7708744e+00   7.2756040e-01  -1.3225137e+00
   2.0000000e+00   2.2108851e+00  -3.8671245e-01   1.3241628e+00  -2.1976672e-01  -7.9278442e-01   1.4784167e+00  -4.0253479e-01   3.9278166e-01  -9.0976315e-01   2.3112902e-01
   2.0000000e+00  -1.9567973e-01   2.0024678e+00  -1.8341512e+00  -1.0796098e+00   1.9941600e-02  -1.6713645e+00   1.0472969e+00  -1.8952869e-02  -1.1221777e-01  -1.8151532e+00
   1.0000000e+00   2.6613165e-01   5.5269428e-01   8.5635301e-01  -8.8841772e-01  -6.4155499e-01  -1.6339879e-01  -1.0737994e-01   7.6174681e-01   1.2703537e+00   2.3145550e-01
   2.0000000e+00  -6.4915984e-01   5.8754560e-01   1.1460473e+00  -1.0113846e+00   6.2364779e-02   6.3728816e-01   1.4227325e+00   5.6745247e-01   4.5612010e-01  -1.5981437e+00
   1.0000000e+00  -5.3062553e-01  -8.8606167e-01   3.6624382e-02  -3.0651138e+00   8.0502286e-01   1.6221797e-02   2.2332639e-01   2.7331650e-01  -1.2351215e+00  -3.1548932e-01
   2.0000000e+00  -1.1053923e-01   4.6887252e-01  -3.4107423e-01  -6.3672495e-01  -7.4229079e-01  -4.0142021e-02  -1.4238019e+00  -6.6399651e-01  -3.2947214e-01  -7.9210927e-01
   2.0000000e+00  -3.7686530e-01   4.3574793e-01  -7.6990189e-01   2.0060368e-01  -4.5944838e-01  -1.2028397e+00  -6.9545448e-01  -5.4010209e-01   6.0351326e-01   3.4721152e-01
   2.0000000e+00  -5.0839881e-01  -5.1884978e-01   2.7693356e-01  -1.0975620e+00  -4.6945880e-01  -2.4658526e+00  -4.3438555e-01  -1.3985725e-01   8.3640713e-01  -2.1290680e+00
   2.0000000e+00   8.8232250e-01  -1.0360285e+00  -5.2201777e-01  -6.9303639e-01  -3.8561426e-03  -8.6932942e-01   1.2527619e+00   5.5121964e-01   5.8362852e-01  -9.1115786e-01
   2.0000000e+00  -1.4549073e+00   8.5284637e-01  -1.4772954e+00  -2.4856342e-01   9.2352611e-01   9.9812245e-01   7.6199511e-01   8.0920275e-02   1.4578391e+00  -1.0114440e+00
   1.0000000e+00  -1.6655528e+00   1.7923608e-01   9.4947222e-02   1.9405814e+00  -1.0751431e+00  -4.4126183e-01   1.0631873e+00   6.7438282e-02  -1.7773265e-01   6.3420793e-02
   2.0000000e+00   1.3803831e-01   3.4793911e-01  -1.1468143e+00   1.3706182e+00  -8.7806246e-01   1.6772194e+00   8.1114699e-01   1.3618345e+00   2.7824911e+00   1.2337798e+00
   2.0000000e+00  -5.3512461e-01   3.7396959e-01  -1.3116220e+00  -1.3302161e+00   8.0156724e-01   6.5000486e-01  -4.9174098e-01   9.9069817e-01  -8.2557609e-01  -1.1304956e-01
   1.0000000e+00   4.4233025e-01   1.7194895e+00   2.0883326e-01   1.6688577e+00   4.4261037e-01   1.2187065e+00   1.3284176e+00  -8.4786662e-01  -5.9549572e-01  -5.0806623e-01
   2.0000000e+00   1.1626085e+00   6.0719353e-01  -9.8134794e-01   8.8638631e-01   1.7180059e-01  -7.8754310e-01  -1.0375696e+00   6.5253812e-01  -1.1616184e+00   1.0069102e+00
   2.0000000e+00   3.4037416e-01  -5.8815400e-01   1.1343875e+00  -7.6706124e-01  -6.9094320e-01  -5.7899266e-01  -8.3823742e-01  -2.7390195e-01  -1.0211167e+00  -7.7017380e-01
   2.0000000e+00   1.0252831e+00  -5.4349879e-01   1.0697268e+00   7.1881538e-01  -1.4667211e+00   1.4030193e+00   1.6106645e+00   4.3820422e-01  -7.0546507e-01  -8.9835383e-01
   2.0000000e+00  -3.8853247e-01  -9.1701770e-01   5.1648606e-01   1.2745295e-01   1.5041212e+00   1.5929149e+00  -5.0208439e-01   1.2492436e+00  -8.3431573e-01  -2.0472234e+00
   1.0000000e+00   3.8211180e-01   3.8741739e-01   1.2758135e-01  -4.3439131e-01  -1.4371912e+00   2.9505190e-01  -9.7700389e-01   6.2364506e-01   4.2001319e-01  -9.4323374e-01
   2.0000000e+00   6.1961403e-01   9.1730478e-01  -4.4168101e-01   4.0540054e-02   1.4427330e-01   2.0949994e+00   1.2886529e+00  -1.3469203e+00   5.5774090e-02   6.1612641e-01
   2.0000000e+00   2.0695060e+00   4.9460378e-01  -2.3642900e-02  -8.8547669e-01   1.5522231e+00   4.1880113e-01   2.8669814e-01   2.4833458e-01  -4.9912155e-01   5.6662817e-01
   2.0000000e+00  -8.6133308e-01  -7.0744032e-02   1.4936680e+00  -1.6261045e+00   1.0457460e-02   7.4269616e-01   1.2400803e+00  -9.3695021e-01   6.3354390e-01  -4.0373577e-01
   2.0000000e+00  -2.4924376e+00   1.8643244e+00  -4.3687962e-01   2.1352508e-01  -6.9310512e-01  -3.8112971e-01   9.7062889e-01   1.6750331e+00   4.5018146e-01   6.8630133e-01
   2.0000000e+00   1.9120381e+00  -9.7950972e-01  -2.8626795e+00  -1.0492065e+00  -4.0708833e-01  -9.3620976e-01   1.7484943e+00   9.2800695e-01   1.5608597e+00   2.2209700e-01
   2.0000000e+00   3.3493431e-01   8.1516284e-01   8.0444699e-01   1.0507815e+00  -8.2890897e-01  -1.4029347e+00  -1.9012456e+00  -5.2233704e-02   6.8598214e-02  -3.5086001e-01
   2.0000000e+00  -6.7911742e-01   1.4822282e-01   1.8250514e+00   7.2541287e-01  -6.6941221e-01  -8.9793594e-01  -3.9996051e-01  -6.4246262e-01   5.5149866e-01   2.3220108e-01
   1.0000000e+00   3.1425015e-02   8.8836208e-01   5.7137047e-01  -1.5356996e-01   8.6512441e-02  -2.1545114e+00   1.8856642e+00   1.5960811e-01  -7.4768862e-01  -1.8274070e-01
   2.0000000e+00   3.9453407e-01  -3.4231018e-01  -4.0000678e-01   3.0981532e-01   7.2609166e-02  -3.3582871e-01  -5.4154363e-01   9.7867369e-01  -1.2675646e+00  -5.6435619e-01
   1.0000000e+00  -9.4496129e-01   1.8220705e+00   6.3848971e-01   2.1822047e+00  -1.2216359e+00   3.3122133e-01  -1.6531927e+00  -4.5296249e-01   1.0163443e-01  -6.0031749e-01
   2.0000000e+00  -9.7140776e-01  -1.2406428e+00  -3.3774163e-01   1.2456349e+00   4.7113702e-01   3.5288813e-01   2.4710658e-01  -1.2211261e-01  -1.8887502e+00   1.5055147e+00
   1.0000000e+00  -4.0036795e-01   5.0683966e-01   4.9623219e-01  -8.6537408e-01   9.5853778e-01  -1.1487161e+00   9.2541182e-02  -3.0239654e-01  -8.9897659e-01  -6.3363743e-01
   2.0000000e+00   2.1079720e-01  -8.6375498e-02   3.8526124e-01  -1.8419844e+00   4.0979415e-01   1.2788250e+00   9.6226254e-01  -1.1351088e+00  -3.7490298e-01  -1.1135526e+00
   2.0000000e+00  -9.8761114e-01   2.2593876e+00  -1.9264808e+00   5.0724080e-01   5.9809121e-01   7.6974551e-01   7.0634838e-01   4.7810959e-02  -2.2500752e+00   1.0997241e+00
   1.0000000e+00   3.2027815e-02   1.0014050e+00   3.0272015e-01  -9.5369328e-02   6.6061098e-01  -5.7753261e-01  -7.5945723e-01  -3.6552804e-01   1.2340467e+00   7.3246838e-01
   2.0000000e+00   8.8902522e-02   8.3549340e-01  -6.8474232e-01   1.5331476e-01   2.0721276e-01   9.8784821e-01   2.2827501e-01   1.2720234e+00   2.5307136e-01  -1.3976385e+00
   2.0000000e+00   2.8498478e-01   1.0618550e+00  -4.0559568e-01   5.0124328e-01  -1.5124973e+00   2.8559374e-01  -7.4444603e-03  -1.0994417e+00   1.2675280e+00  -4.7742490e-01
   2.0000000e+00  -6.2324430e-01   1.2072777e+00   1.3123952e+00   7.9586366e-01  -1.3370374e+00   2.2979895e-01  -4.9513604e-01   4.0999592e-01   4.4037455e-01  -1.4322220e-01
   2.0000000e+00  -6.1907782e-01   1.7160266e-01   1.0610499e+00   2.5053019e-01  -6.4396695e-01   1.7039868e+00  -5.2156838e-02   2.2933090e-01   3.3391576e-01  -9.6221506e-02
   2.0000000e+00  -1.0855430e+00  -1.2906263e+00  -1.6123891e-01   7.6586081e-01  -4.8929486e-01   9.2582163e-01   1.0301644e+00  -4.0048892e-01   1.0099111e+00  -6.4244768e-01
   1.0000000e+00  -3.2872905e-01  -7.0883115e-01   8.0891256e-01  -1.6047051e+00  -1.5990897e+00   6.1925317e-02   4.4639372e-01  -5.8373846e-01  -2.1596966e-01  -5.3652127e-01
   2.0000000e+00   6.7308111e-01   1.6164955e+00  -6.0206503e-01   3.3125639e-01  -2.3442483e-01  -6.2962368e-01  -2.4564787e+00  -4.3183709e-01  -3.7963316e-01   4.5154420e-01
   2.0000000e+00   4.8327358e-01   6.5007898e-01  -3.5705297e-02  -9.6410694e-01  -2.7976773e-01  -3.5284705e-01   1.6758811e+00   1.2063223e+00  -2.3216946e-01  -8.9203118e-01
   2.0000000e+00  -1.6030562e+00   2.4009827e-01   3.3708279e-01   1.4363320e-01   4.7682158e-01  -2.0916523e-01  -1.2368976e+00  -2.9534124e-01  -3.4170227e-01  -9.7829216e-01
   2.0000000e+00  -9.3517476e-01  -1.6333467e+00   5.9243030e-01  -4.3414354e-01  -6.2464799e-01  -9.4321861e-01   2.4084196e+00   8.4968732e-02  -2.8932725e-01  -3.5020014e-01
   2.0000000e+00   2.3732857e-01  -2.1352732e-01   1.8865917e+00   5.7746292e-01  -6.3875353e-01   1.5754118e+00  -8.6665681e-01  -8.6714691e-01  -2.8636239e-01   2.5420072e-01
   1.0000000e+00   3.8882553e-02   5.5179396e-01   3.7972905e-01   1.5912518e+00  -1.6000561e+00   5.3392164e-01  -1.6628459e+00  -7.6241660e-01  -3.8497603e-01   8.5487856e-01
   1.0000000e+00   4.1760358e-02   7.2114766e-02   5.3727169e-01  -2.3941116e-01   1.6313387e+00  -5.0989232e-01   8.9099333e-01   4.3096749e-01  -1.3460832e-01   1.4124077e-01
   2.0000000e+00  -1.0923147e+00   1.1343381e+00  -3.9736724e-01   4.4334566e-01   1.3574829e+00   1.4397756e+00  -6.9472647e-01  -1.2365186e+00   8.2060101e-01   8.1716664e-01
   2.0000000e+00  -3.9476878e-01  -1.2761163e+00  -1.1580801e+00  -9.3025487e-01  -1.4032646e+00   1.1650757e+00   8.0364401e-01   1.9652151e+00   1.4335196e+00   1.8922763e-02
   1.0000000e+00   4.9658953e-01   8.9763834e-01   4.0510407e-01  -2.9343445e-01   2.2200036e-02  -1.3162378e+00  -1.0041948e+00   1.4038412e+00  -9.4580397e-01   6.5428407e-01
   1.0000000e+00   8.1300845e-01   3.3661568e-01   5.6000913e-01  -6.1122307e-02   6.8193777e-01  -3.0088282e-01  -8.3297444e-02  -1.5166164e-01  -1.2046255e+00   6.6658185e-01
   2.0000000e+00  -6.6726646e-01   3.0047407e-01  -5.4842751e-01   3.7359376e-01  -2.5419934e+00  -9.3334859e-01  -5.3334173e-01  -3.9591652e-01   1.5322457e+00   4.2899597e-01
   2.0000000e+00  -3.0404496e-01  -1.0106820e+00   7.5323271e-01   6.0988999e-02   1.4007653e+00   8.6612082e-01  -7.2475946e-01   1.6312497e+00  -3.4809712e-01   8.8018381e-01
   2.0000000e+00   6.2222122e-01  -8.7657905e-02   4.0366514e-02   1.0224341e+00  -1.3333007e-02   1.5056351e+00   1.1772268e+00  -5.5552352e-01   4.9576533e-03   1.0548519e+00
   2.0000000e+00  -7.1675762e-02   2.1125106e+00  -1.1121022e+00   2.4473222e-01   9.3979734e-01   4.3518429e-01   8.4337171e-01  -9.0458519e-01  -9.2880537e-02  -5.1392346e-01
   1.0000000e+00   9.2010863e-01   2.9080212e-01   2.1972835e-01   7.6610350e-01   1.8903976e-01   1.7114248e+00  -6.3039896e-01   1.6535364e-01   1.2175138e+00   9.7247718e-01
   2.0000000e+00  -6.3308244e-01  -2.5810699e-01  -5.7812836e-01   4.5420685e-01  -7.7774259e-01  -5.5753200e-01   1.0305502e+00  -1.9474401e+00   6.9933958e-01  -1.6100623e-01
   1.0000000e+00  -5.4927226e-01   6.8633117e-01   3.1122186e-01   2.2800640e-01   1.2978616e+00  -5.3739939e-01  -6.4318228e-01  -2.0476461e-01  -5.0870565e-01   3.9224896e-01
   1.0000000e+00  -8.2527026e-01  -2.3480489e+00   5.1736660e-01  -1.3189339e+00   1.0111617e+00  -4.5217841e-01  -1.4031287e+00   4.1490930e-01  -1.3553426e+00   4.8032936e-01
   1.0000000e+00  -1.0988967e+00   6.2651103e-01   1.5807679e-01  -5.2378174e-01  -2.2802914e-01   9.6384331e-01  -6.9660215e-01  -1.9845237e+00   9.7161179e-01  -8.7611082e-01
   1.0000000e+00   4.9225193e-01   1.8132758e+00   3.1756395e-01   2.0273354e+00  -1.9487118e-01   1.1211671e+00   1.1199093e+00  -6.2667529e-01  -2.0716093e+00   4.9930112e-01
   1.0000000e+00  -1.0843989e+00   2.9448123e-01   2.8953713e-01  -1.3427671e+00  -5.1538869e-01   3.1245917e-01  -6.2019311e-02   1.0298292e-01  -1.7221193e-02  -3.9328240e-01
   2.0000000e+00   7.3797096e-01  -4.5718508e-01  -1.5059314e-01  -2.2750117e-01  -1.3100585e+00   1.0136075e+00   1.5015210e+00   1.7369090e+00   1.2296584e+00  -2.4305867e+00
   2.0000000e+00   4.2742936e-01   8.2821908e-01   1.1043903e+00   2.3880246e+00  -1.6985417e+00  -8.5983577e-01  -1.5173731e-01  -8.1716896e-01  -5.1463582e-01  -5.8148503e-01
   2.0000000e+00  -1.1442408e+00   2.1401789e-01   1.4643852e+00  -1.3133953e+00   5.2890644e-01   1.9035558e+00  -2.3224739e+00  -6.1946274e-01   9.2760534e-01   1.1235500e+00
   2.0000000e+00   1.6358947e+00  -5.1928003e-01  -9.4789362e-02   1.3012328e-02  -1.4609586e+00  -1.1149366e+00   5.2684741e-01  -1.4403194e+00   8.6360969e-01   7.7373280e-01
   2.0000000e+00  -1.0958144e+00   9.2611409e-01  -8.7746430e-01  -3.9799993e-01   2.4850484e-01   3.4753792e-01  -2.0256402e+00   3.9131855e-02   9.4031374e-02   5.5821479e-01
   2.0000000e+00   1.6047988e-01  -6.3434236e-01  -9.4719997e-01  -1.2822350e+00   7.6831981e-01   2.4264010e-01   1.9722918e-01   3.0532839e-01  -4.0411535e-01   1.8167690e-01
   1.0000000e+00  -9.4903778e-02   3.8639262e-01   5.4409605e-01   5.4117555e-02   2.0201063e-01  -4.9341885e-01  -9.5977711e-01   5.0650902e-02  -1.3399341e+00   4.4401889e-01
   2.0000000e+00  -1.5730600e+00   2.6539513e-01  -4.3048502e-02   1.1589491e+00  -5.7018030e-01  -3.1077536e-01   3.7155147e-02   1.4380014e+00   7.8190864e-01  -8.8836599e-01
   2.0000000e+00  -4.3053083e-01  -2.1527278e-01  -1.0114146e+00  -3.4914410e-01  -9.6672074e-01  -2.2694886e+00   5.7779320e-01   1.3016437e+00  -1.9281907e-01  -6.2625859e-01
   1.0000000e+00   1.9472670e+00   3.6176203e-01   1.1011890e-01   2.2968959e+00   1.7633583e-01   4.9565201e-02   3.7569356e-01   5.6040014e-01  -8.3215245e-01  -7.6533027e-01
   2.0000000e+00  -2.2607654e+00  -4.7448984e-01  -9.0660650e-01  -1.0605956e+00  -5.8579944e-01  -4.6552788e-01  -2.7221903e-01  -3.9334376e-01   9.7828368e-01   2.8662686e-01
   2.0000000e+00   2.8007573e-01   1.0154970e+00  -1.2630181e+00  -9.2740214e-01  -6.5026405e-01   1.4987984e+00  -1.4056362e+00   8.2844379e-01  -1.5936785e+00  -6.7023483e-02
   2.0000000e+00   1.0950624e+00   9.6375334e-01  -2.0983434e-01   1.7220822e+00  -1.7433139e-01   4.3828283e-01  -1.3373103e+00   7.5952461e-01  -7.8588968e-02  -1.1471207e+00
   2.0000000e+00   6.8319986e-01   1.5808932e+00  -5.3699526e-01  -1.1142022e+00   1.4475614e+00   1.6560732e+00  -1.6966204e+00  -1.8073044e-01   8.6425132e-01  -8.2245389e-01
   1.0000000e+00  -6.3024851e-01  -7.7997299e-01   1.9996998e-01   1.2316041e+00   7.6590663e-01   8.4754115e-01   2.9674918e-01   6.7994758e-01  -1.2254151e+00  -3.8383022e-01
   2.0000000e+00  -4.2168571e-01  -2.2995257e-01  -7.2546156e-01  -1.1431313e+00  -4.0559594e-01  -2.5775625e+00   5.7044244e-01  -8.9145128e-01   1.1423861e+00  -1.5961048e+00
   2.0000000e+00   8.4684014e-02   6.6374492e-01  -6.5399836e-01   4.4275282e-02   9.8066080e-02  -2.5913798e-01  -9.0116055e-02  -6.7765170e-01  -1.2926463e+00  -4.2725270e-01
   2.0000000e+00  -2.7782201e-01  -1.3823082e+00  -1.0724130e+00   5.9582338e-01  -1.0421572e+00   1.1086470e+00  -3.1425228e-01  -1.7546758e-01  -3.0682614e+00  -4.0587287e-01
   2.0000000e+00  -1.7172463e-01  -9.9692396e-01  -6.4950525e-01  -5.4113063e-01   9.5672802e-02  -8.1046131e-01  -5.9799787e-01   1.7821166e-01   1.3541209e+00   8.3424401e-01
   2.0000000e+00   1.2123536e-02  -5.2971719e-01  -3.5131685e-01   4.6726237e-01   3.5762496e-01   2.5675412e+00  -7.2876740e-01   7.3691367e-01  -1.4887268e+00   1.0120392e+00
   2.0000000e+00   8.6692206e-01  -1.4193253e+00   1.2383086e+00   5.9342444e-01  -4.6872677e-02  -1.2753955e+00   1.4558958e-01  -1.0169849e+00   6.4315351e-01   6.0089678e-01
   2.0000000e+00   2.7626162e-02  -6.3764531e-01   7.5949113e-01   1.0719053e+00  -4.5405748e-01   5.0763278e-01   5.1361673e-01   1.1136635e+00  -2.1341320e+00  -8.2042026e-01
   2.0000000e+00   2.2474695e-02   2.3664252e-01   2.1303430e+00   1.3317698e+00   1.0942327e+00   1.4550018e-01  -1.7131539e+00  -6.1693852e-02  -4.4153462e-01   2.2429854e+00
   2.0000000e+00  -3.7207615e+00   6.0903141e-01  -5.0913851e-01   5.8079821e-01  -3.8874551e-01  -1.3032022e-01  -1.3991252e-01  -9.0421519e-01   3.4800881e-01  -7.7878795e-01
   2.0000000e+00  -1.5168992e-01   3.6331458e-01   1.4798604e+00  -4.2596440e-01   3.7091976e-01  -5.1664053e-01  -4.9820938e-01   2.6370758e-01  -4.4306721e-01  -8.9789930e-01
   1.0000000e+00   9.6575861e-01  -1.5667960e+00   6.7009481e-02  -1.6552689e+00   3.3918664e-01   6.0841875e-01  -1.4088420e+00  -7.2739301e-01  -2.6850507e-01  -7.4530652e-01
   2.0000000e+00  -4.0448573e-01   6.0789777e-01  -1.2451915e+00  -4.6225401e-01  -4.5984285e-01   6.6835438e-02   2.1117684e+00   9.1229219e-01  -8.9261495e-01  -8.2284359e-01
   2.0000000e+00   1.9150989e+00  -1.1538916e+00  -1.3903122e+00   2.1425969e+00  -2.7698709e-01   7.7460462e-01  -2.0050402e+00  -3.3315846e-01  -1.0185466e+00   1.0214462e+00
   2.0000000e+00  -2.8553811e-01   2.0312087e+00   1.0929871e+00   1.9320210e+00   4.4634902e-01  -1.2116641e-01  -6.7432254e-01  -5.1053849e-01   4.3637158e-01   5.7171890e-02
   2.0000000e+00   3.8845775e-02   2.1108072e-01   2.1320584e+00  -2.1096943e+00   4.0758721e-02  -4.6250767e-01   1.3287273e+00   2.3609922e+00  -1.2822449e+00   6.0904089e-01
   1.0000000e+00   4.6143511e-01  -1.3334841e+00   2.5476985e-01   6.4203451e-01   1.9510875e-01  -2.3237997e-01   6.8576133e-01   1.3183437e+00   3.6127063e-01  -5.1435558e-01
   2.0000000e+00  -7.1375219e-02   4.2099246e-01  -1.6844020e-01   1.1893077e-01  -1.1482082e+00  -1.1704815e+00  -8.8241508e-01   2.1959375e-01  -1.7087376e-02   4.2634957e-01
   1.0000000e+00   1.4468764e-01  -1.4034498e-01   7.4336632e-01   8.3694970e-01  -3.2329462e-01   8.9034910e-01  -1.5726088e+00  -6.7302309e-02  -8.5000097e-01   6.5306640e-01
   2.0000000e+00  -2.5378763e-01  -3.7510969e-01  -1.8792305e-01  -1.0640630e-01  -1.2745714e+00   1.0249909e-01  -4.5596314e-01   2.2877148e-01  -8.7305081e-01  -1.1724137e+00
   1.0000000e+00  -1.8100342e-01   3.7245803e-01   7.6383891e-01  -9.3382686e-02  -3.1688223e-02  -1.4476072e+00  -7.3196225e-01   2.7732750e+00   5.7435245e-02  -4.4320097e-01
   2.0000000e+00   4.0857661e-01  -6.1188346e-01   2.0028617e+00   1.0169554e+00   5.7560129e-01  -1.3674840e+00  -1.0655703e+00  -1.7601539e+00   1.3461183e+00   3.2312767e-01
   2.0000000e+00   3.3221780e-01  -1.1119815e-01   1.0934163e+00  -4.7734960e-01   2.1625829e-01   1.2494120e+00  -7.8165522e-01   6.3257246e-01  -5.4421811e-01   4.9484400e-01
   2.0000000e+00   5.2880886e-01   1.6237917e-01   6.4952389e-01  -7.8705174e-01   5.4133611e-01  -1.0564364e+00   1.9537183e+00  -1.2015802e+00   3.2890098e-01  -8.4997749e-02
   1.0000000e+00  -9.4273524e-01  -6.8164276e-01   6.9269989e-02   1.9182980e-01  -1.4008491e+00  -1.2065826e+00  -1.1441282e+00   3.7380171e-01   2.8757993e-01  -4.9199138e-02
   1.0000000e+00   1.1798525e+00  -5.4116760e-01   4.1457258e-01  -1.7969410e+00   1.2601335e+00   7.6916003e-01  -4.1483040e-01   2.5618705e+00   3.0697120e-01   1.7005533e-01
   2.0000000e+00  -6.7524722e-01  -9.9726911e-01   4.0345627e-01  -3.3932828e-01   2.0341612e+00  -1.2564977e-02  -2.5396875e-01   8.5522152e-01   1.4531110e-01   1.2490579e+00
   2.0000000e+00   2.4168473e-01  -7.9635577e-01  -1.0051802e+00   2.5476695e-02   2.3844173e-01   7.2411200e-01  -7.5230447e-01   8.0836510e-02  -9.0246012e-01  -1.3435083e+00
   2.0000000e+00   4.1448672e-01   1.2310992e+00   8.5320364e-01  -8.6574540e-02  -2.0807537e-01   2.2893202e+00  -9.4082029e-01  -1.3112043e+00   1.9583446e-01  -1.2378346e+00
   1.0000000e+00   5.6010341e-01   7.4381632e-01   5.2248058e-01  -2.9447965e-01  -1.6251512e+00   4.3320869e-01  -6.4293006e-01   2.2684605e+00  -3.8973945e-01   5.0896198e-01
   2.0000000e+00   6.9439203e-01  -9.4953300e-02   8.2557203e-01  -7.0611053e-01   3.5596652e-01  -1.6134681e+00   7.4771972e-02  -1.2851469e+00   1.0207024e+00   5.9540050e-01
   2.0000000e+00  -2.3776414e-01  -4.2018812e-01  -3.8776073e-01   6.8100706e-01   8.3949776e-01   3.0909150e-01   7.5107672e-03  -1.2626716e+00  -5.6829311e-01   1.5288165e+00
   1.0000000e+00  -8.4056125e-01   3.8927565e-01   8.2070453e-01   1.3270262e-01  -4.5425381e-01   5.1856535e-01   1.0050604e+00  -1.3644012e+00   8.3163060e-01  -1.4819512e-01
   2.0000000e+00  -1.0751351e+00  -7.5105924e-01  -6.5231449e-01   1.4532797e-01   3.7688123e-01  -8.8215694e-01   5.9424575e-01  -4.3243855e-01   4.1117164e-01  -6.1027923e-01
   2.0000000e+00   9.2993191e-01  -8.7718794e-02  -9.3850660e-01  -8.7855178e-01   6.1374767e-01   1.0809398e-01  -1.4250000e+00   1.1515560e+00   2.0512950e+00   1.1705055e+00
   2.0000000e+00   8.9812283e-01   1.2868883e-01   5.1260721e-01   4.8751877e-01  -3.3904578e-01   9.7296869e-01  -2.9514748e-01   5.6017529e-01  -1.6242046e+00   2.6333142e+00
   2.0000000e+00   1.1374539e+00  -3.7654591e-01   1.6364071e+00   6.7184514e-01   3.4008091e-01  -7.4698764e-01  -2.7010876e-01   2.2768794e-01   5.1787187e-01  -4.4892785e-01
   2.0000000e+00  -3.3869517e-01  -4.7853021e-01  -4.0287159e-01   8.1847113e-02  -9.7152740e-01   1.5168022e+00   1.8804121e-01   6.3515989e-01   7.5553204e-01  -1.3363428e+00
   2.0000000e+00   1.3966034e+00  -1.1032525e+00  -4.9540692e-01   2.2032646e+00   6.0599450e-01   6.2493089e-01  -9.3164979e-01  -5.4029114e-02  -1.5852560e+00  -1.5848381e-01
   1.0000000e+00  -7.6608778e-02   5.7829621e-01   3.2725476e-01  -5.0474730e-01   1.0926167e+00   3.1411144e-02   8.2473857e-01  -1.0589024e+00   6.3654587e-01  -2.3704328e-01
   1.0000000e+00   8.4629825e-01  -1.5457425e+00   2.7387155e-01  -6.2924433e-01   1.0618920e+00   1.2168945e+00   3.9549038e-01  -7.6724858e-01   6.9277094e-02  -3.0274321e-01
   2.0000000e+00   2.5548896e-01  -7.6838306e-02   6.0125746e-01  -1.2814863e+00  -1.5177859e+00  -1.9892217e-01  -5.9836792e-01  -6.1693614e-01  -1.3271373e+00  -1.7536749e+00
   2.0000000e+00   6.2203740e-01   5.7104539e-01  -5.4612083e-01  -1.0070606e-01   9.9552859e-01  -2.4549812e-01   4.1014631e-01   7.4258389e-01  -2.6011585e-02   2.0032741e-01
   2.0000000e+00   3.0380239e-01   1.1245977e+00   6.4336192e-01   5.2727146e-01   1.0099989e+00   1.3971384e-01  -1.6307903e+00   1.1903995e+00   1.7523705e+00   1.0677383e+00
   2.0000000e+00   1.0912309e+00  -5.5876769e-01  -7.3353803e-01   3.9883342e-01   1.6932397e+00   6.4574576e-01  -8.7805624e-01  -4.4421697e-01  -2.1549156e-01   1.4540550e+00
   2.0000000e+00  -8.8039734e-01  -1.2128829e+00  -1.1848499e+00  -1.9032386e+00   4.8752621e-01  -7.0409850e-01  -1.6174518e-01   9.4618222e-02   1.8974666e+00   1.4340154e+00
   2.0000000e+00   1.0468860e+00  -1.2729592e-01  -3.4909673e-02  -1.6195693e-01   8.0935114e-01  -1.8382062e-01  -6.3801151e-02  -1.7220498e+00  -8.8993383e-02   1.7941954e-01
   2.0000000e+00  -8.1554329e-01  -3.6385883e-01  -4.1966162e-01  -1.3549016e-01   1.2126259e+00   1.3799663e-01   1.1418123e-03   2.9721627e-01   5.7266361e-01   8.5367086e-01
   2.0000000e+00   1.4493587e+00   1.4037296e+00  -8.0121518e-01   6.9454368e-01   1.1661699e+00  -9.1863067e-01   1.9936887e+00  -3.8696827e-01  -3.4086819e-02  -1.1691633e+00
   2.0000000e+00  -4.5740658e-02  -2.3724332e+00   1.0668372e+00  -4.5316886e-01  -7.4716476e-01  -3.1630318e-01   4.4946824e-01   5.6953138e-01  -2.2502436e-01  -8.7270884e-01
   2.0000000e+00   2.9048439e-01   3.5955710e-01  -1.8608006e-01   2.7880152e-01  -4.9330376e-01  -1.0806191e-01   5.6346709e-01  -2.3698023e+00   7.7486050e-01  -7.6132398e-01
   2.0000000e+00  -7.8211238e-01  -4.9009690e-01  -2.1328663e+00   1.5607096e+00   2.2720107e+00  -2.6430983e-01   1.0630097e-01   2.6929111e-02  -8.2186573e-01   1.2489644e+00
   1.0000000e+00   6.6586213e-01   1.1293810e+00   6.2586612e-01  -7.7077311e-02   2.6012845e-01   1.0209268e-01   7.4712534e-01   3.0575560e-01  -5.2120042e-01   2.0320082e-01
   1.0000000e+00   7.3084218e-01  -8.6665651e-01   2.5835506e-01   2.5251420e-01   8.4010857e-01   1.8454385e+00  -1.0058869e+00  -1.8736631e-01   4.0110375e-01   4.2758900e-03
   2.0000000e+00   1.5230054e+00   3.0485164e-01   1.6254010e+00  -2.2427272e-01   1.7564831e-02  -9.5807116e-01  -7.9108787e-01   9.9244635e-01   1.5263559e-01  -6.7203566e-01
   2.0000000e+00  -6.1333993e-01   2.3313432e-01  -1.0547022e-01  -1.1776028e+00   2.4308885e-01  -8.9515173e-01  -4.5678392e-01   6.0941816e-01  -9.2182598e-01   1.3325112e+00
   2.0000000e+00  -5.6960195e-02  -3.7769365e-01  -1.2417053e+00   1.7865842e-01   2.5873534e+00  -9.2655582e-01  -3.2454939e-01   9.7942206e-01   3.1055968e+00   1.0799081e+00
   2.0000000e+00   4.8612228e-02   1.5790795e-01  -7.7786554e-01  -6.1190230e-01  -2.2964827e+00   1.2554723e-01  -6.8773568e-01   1.5484603e+00   1.1375802e+00  -3.3866090e-01
   2.0000000e+00  -4.5792708e-01  -8.4120567e-02  -5.7016633e-01   1.9380442e+00   2.3895991e+00  -9.7009424e-02   1.5656973e+00  -1.2860267e-01   1.3109974e+00   1.2944290e+00
   2.0000000e+00  -5.0149888e-01  -5.7849827e-02   6.9530709e-01  -6.7008948e-01   2.4553765e+00   1.0629298e+00  -1.2130029e+00   1.4034251e+00   7.2342991e-01  -9.8381439e-01
   1.0000000e+00  -1.0621358e+00   4.2744215e-01   1.7272780e-01   6.8055637e-01  -3.2723880e-02  -8.5346192e-01   5.8066760e-01   1.1004140e+00  -1.6196827e+00   7.4322201e-01
   2.0000000e+00  -1.1290101e+00   3.9699267e-01  -1.4846971e+00  -1.3250452e+00  -5.9286725e-01  -5.8530616e-01   3.6573201e-01   2.2944980e-01  -4.8312465e-01   1.7681014e+00
   2.0000000e+00  -2.6354624e-01   5.2066428e-01  -3.9744076e-01  -3.7634463e-01  -1.2999743e+00   8.3787970e-01   1.9230155e-01  -9.9950482e-02  -1.7523549e+00  -1.3972758e+00
   2.0000000e+00   1.4126001e-01   1.2906931e+00  -7.8063525e-01   1.5383778e+00   6.9513235e-01  -1.0183069e+00  -1.4293419e+00  -6.9689403e-01   2.6430072e+00  -1.0300725e+00
   2.0000000e+00   1.5766183e-01  -1.0201795e+00  -5.2951942e-01  -2.6334420e+00   4.4223059e-01   1.1391531e+00  -7.0257907e-01   1.0858275e+00   8.3094866e-02   1.5548493e+00
   2.0000000e+00   3.4005512e-01  -2.2042252e+00  -6.1074444e-01  -1.5683601e+00  -3.6770215e-01   2.5023800e-01  -8.5016023e-01   3.7931025e-01   8.9513494e-02  -1.4493248e+00
   2.0000000e+00   1.6117016e-01  -4.5123780e-01  -1.1150497e+00  -9.7617056e-01   7.8480172e-01  -8.3911626e-01  -2.1998355e+00   7.0351287e-01  -4.7971486e-01   1.1215464e+00
   1.0000000e+00  -5.1116649e-01   5.3213062e-02   9.1392738e-01   9.9518129e-01  -1.9562138e+00   4.1676566e-01   1.2332782e-01  -8.2777667e-02  -5.4916342e-01   9.9409295e-02
   2.0000000e+00   2.3919228e-01   1.2486790e+00  -1.8769440e+00  -7.2838471e-01  -7.3301621e-01  -6.2168498e-02   1.8815169e-01  -2.8262044e-01   1.2037375e+00   1.5214660e+00
   1.0000000e+00   2.6565318e+00   4.6238939e-01   4.1947368e-01   6.7169346e-01  -5.4648914e-01   9.5567650e-01  -7.4319990e-01   4.4782127e-01   3.9523049e+00   7.7989159e-01
   2.0000000e+00   4.9197316e-02  -8.5401599e-01  -5.9283022e-02   4.8254986e-01  -9.3523811e-01  -1.7797446e+00   2.5991170e-01   4.8326746e-01  -1.1181875e+00   2.1263722e+00
   2.0000000e+00   1.2595128e+00  -3.9885588e-01  -1.2322787e-01  -5.1564249e-02   5.3724106e-01  -1.2345956e+00   1.5818389e+00   1.7132729e+00  -3.0354347e-01  -1.5654899e+00
   2.0000000e+00   6.8161372e-02   2.9553221e-01   2.4029312e-01   1.0695864e+00   3.4927390e-01  -2.2313653e-01   1.0389017e+00   5.0265879e-01   8.0584388e-01   1.1033846e+00
   2.0000000e+00   1.4369979e-01  -2.6697279e-01  -4.0952486e-01  -4.3423086e-01  -2.5945638e-01   5.6754324e-01   5.5834153e-02  -8.3026645e-01  -6.1670153e-01   5.7569127e-01
   1.0000000e+00  -2.2535562e-01   4.8104732e-01   7.5121282e-01  -1.4889035e+00  -5.0060541e-01   1.2229524e+00  -1.2344870e-01  -1.0020306e+00   1.7234752e+00  -2.5651887e-01
   2.0000000e+00   1.2910606e+00   5.2984227e-01  -1.1484690e+00   8.6344242e-02  -9.4043075e-01  -9.4472819e-01  -2.1714905e+00   8.7390806e-01  -1.8083987e+00   8.5317851e-02
   2.0000000e+00  -4.4976012e-01   1.1255882e-01  -9.5061957e-02   1.4431592e+00  -5.3140144e-01   7.1878137e-01   1.6422668e-01  -4.6179770e-01  -1.0171296e+00   8.3977680e-01
   2.0000000e+00   8.3442297e-01   7.1830590e-01   2.5131153e-01  -5.0282805e-01  -5.7555008e-01   3.3035088e-01  -7.4797593e-01  -1.1629937e-01  -5.8391507e-01   1.0083237e+00
   1.0000000e+00   9.4277612e-01   3.4187575e-01   7.7272797e-02  -1.5896169e+00   7.0323725e-01  -5.3075795e-02  -4.9470713e-01   2.6163596e-01  -1.1914500e+00  -9.8497869e-02
   2.0000000e+00   6.0502856e-01   4.4711594e-01  -1.3369670e+00  -5.6883131e-01  -1.3829086e+00   3.9896643e-01   1.6533522e+00  -6.0133673e-01   5.9495954e-01  -1.6580105e+00
   2.0000000e+00   5.7708379e-01  -9.3613357e-01   1.4032856e+00  -2.8078529e-01  -2.6802639e-01  -9.1985256e-01   6.4874813e-01   9.7480315e-01  -3.2336405e-01  -4.1266451e-01
   2.0000000e+00  -5.3223049e-01   5.3276345e-01  -1.8462603e+00  -1.6095509e+00   1.8192004e+00   1.3760910e+00   8.0351855e-01   1.1775084e+00  -3.1966694e-01  -9.1925047e-01
   2.0000000e+00   5.4077588e-01  -2.2735276e+00  -7.9960653e-01   1.6464891e+00  -9.4676952e-01   7.9377777e-01   1.3437458e+00  -1.2925397e+00  -2.4483592e+00   1.5180074e+00
   2.0000000e+00   9.7864798e-01   6.6532333e-01  -1.4875223e-01  -9.7909057e-02   2.3547700e-03  -6.5422630e-01   2.0917385e+00   1.1568873e+00   7.4878546e-01  -5.1838113e-01
   2.0000000e+00  -1.4782467e+00  -7.4405510e-01   7.8612753e-01   3.2753641e-01   3.4484154e-02  -2.3669930e-02  -8.1665867e-01  -6.9103135e-01   3.3162450e-01  -7.6437375e-01
   2.0000000e+00  -6.0593950e-01   7.5302979e-01  -1.0474659e+00   8.0016322e-01  -3.6602026e-02   6.0220628e-01  -7.7225847e-01   7.3801215e-01  -7.7777642e-01   2.5489695e-01
   2.0000000e+00   6.0452864e-01  -3.1325802e-01   2.2357226e+00   2.8431394e-01  -6.8037546e-01  -6.6910677e-01   1.5373182e+00   2.9462765e-01   4.7403114e-01  -5.0354418e-01
   2.0000000e+00   1.1058095e+00   1.8810798e+00   1.2005019e+00   1.2900233e-01   4.7522852e-01   5.3618236e-01  -1.7680890e+00   1.8101119e-01   1.3749498e+00   1.7566025e+00
   1.0000000e+00   1.0160539e+00   1.9547373e-01   3.5215872e-01   1.0678327e+00   1.9753034e+00   2.8247292e-01   7.0190555e-01  -1.0160620e+00  -7.5041794e-01  -9.1197023e-01
   2.0000000e+00   1.4552432e-02  -9.3981163e-01  -1.6246250e+00   8.7850611e-01  -9.6802847e-02  -8.4869459e-01  -4.5950685e-01  -1.2762267e+00  -2.7694023e-01   5.7295992e-01
   2.0000000e+00  -2.3422226e+00  -4.8003141e-01  -3.7300884e-01  -4.4784689e-01   8.4310349e-01   1.1060774e+00  -1.8858262e+00  -4.1748632e-01  -2.7903799e-01  -1.0416626e+00
   1.0000000e+00   1.0109050e-01   2.5400550e-01   4.3496977e-01   3.1502810e-01   1.2486629e+00  -1.2321619e+00  -1.6693442e+00  -5.2499517e-02   1.1566494e+00  -3.5959767e-01
   2.0000000e+00  -9.0179947e-02  -1.4288952e+00   5.6994629e-01  -7.8208024e-02  -9.1235044e-01   1.4961599e-01   7.8722804e-01  -5.4385643e-01   7.5734097e-01   9.8469971e-01
   1.0000000e+00   1.1869562e+00  -1.0960131e+00   2.8138188e-01  -1.0023059e+00   4.1135690e-01   3.0604980e-01  -1.0683807e+00  -3.2593913e-01  -8.5367012e-01   2.8796647e-01
   2.0000000e+00  -5.4852392e-01   2.7582537e-01  -1.7417284e-02  -5.5893525e-01  -8.1756764e-01   5.7335064e-01   4.9986302e-01   1.7335241e+00   1.4377768e+00   1.6630751e+00
   2.0000000e+00  -1.3248126e+00   1.4784085e+00  -9.8487720e-01   1.5857650e+00  -1.5794668e+00   1.0708847e+00  -1.5069004e+00  -2.8628943e-01   4.0608663e-01   5.0551943e-02
   2.0000000e+00  -1.0931342e+00   8.2179708e-01  -1.4139979e-01  -2.4050478e+00  -7.2907482e-01   1.5822802e+00   2.2444109e+00   8.8108213e-01  -4.6462844e-01  -4.8724924e-01
   2.0000000e+00   5.3518856e-01  -1.9144732e-01  -1.0273545e+00   2.0417826e-01  -6.7436285e-01   1.4907662e-01   7.8878769e-01   1.2263249e-02  -4.7067345e-01   1.6884976e+00
   2.0000000e+00  -1.5342668e+00   4.9518567e-01  -1.3676272e-01  -6.8582078e-01  -8.1862194e-02   2.3431865e+00   3.9795233e-01  -1.1751272e-01   6.3475552e-02  -6.0413080e-01
   2.0000000e+00  -1.0949494e+00   4.2198120e-01   9.8757539e-01  -5.9943091e-01   1.3514599e+00   1.1061499e+00  -3.8238360e-01   4.6817181e-02  -5.1334185e-01  -1.7071592e-01
   2.0000000e+00   7.4592066e-01  -3.2729040e-01   9.9968268e-01   7.6431501e-01   1.6847900e-01  -7.4719322e-02   4.0779466e-01  -8.1228405e-01   2.4880763e+00   8.0764826e-01
   1.0000000e+00   5.0165894e-01   2.0015483e-01   6.0597227e-02  -1.5336648e+00   3.2451104e-01   1.2388584e+00   4.6440066e-01   5.9117002e-01   9.3516972e-01   4.2057525e-02
   2.0000000e+00   1.0792786e-01  -1.0524728e+00   1.6165376e+00  -5.7650575e-01  -7.4026438e-01   2.1689016e+00   1.1474918e+00   1.3621321e+00  -2.0776166e+00  -4.5072965e-01
   2.0000000e+00  -1.5683904e-02  -6.3851378e-01   1.9316691e+00  -9.7229141e-01   4.0932181e-01   4.9864839e-01   3.6050913e-01  -1.2249109e+00   8.3777449e-01  -7.3449981e-01
   2.0000000e+00   2.6445225e-02  -2.2200351e-01   1.2528790e+00  -3.2882876e-01   8.8730273e-02  -2.8739422e+00  -4.5863599e-01   2.9699010e+00   1.2400279e+00   6.3356744e-01
   2.0000000e+00   1.5413014e-01  -2.4365093e-01  -6.4527957e-01   3.0164992e-01   1.0380183e+00  -1.0874797e+00  -3.4925826e-01  -9.5083943e-01   1.5349806e+00   2.9823027e-02
   2.0000000e+00  -7.0163231e-01  -2.8785959e-01  -1.4928458e+00   3.4950190e-01  -1.8001016e+00  -5.0423613e-02  -2.3387877e-01   1.2060993e+00   1.0375097e+00   3.7747456e-01
   2.0000000e+00  -3.6392228e-01  -3.3000849e-03   1.0000307e+00  -1.2990391e+00   7.2560109e-01  -4.0362900e-01  -2.3888701e-01  -7.5521622e-01  -2.2376608e-01   2.3947314e-01
   2.0000000e+00  -1.1605511e-01   1.2260312e-01  -4.6264127e-01  -1.1429007e+00   5.4796147e-01   3.9517297e-01   4.2258109e-01   4.3056500e-01   8.4636114e-01   1.7020402e-01
   2.0000000e+00  -6.9431212e-01  -1.1498429e-01   1.8939944e+00  -2.6801640e+00  -1.7470027e+00  -5.4148696e-02   2.3411400e-01   4.2849223e-01   1.2546280e+00   4.2899071e-01
   2.0000000e+00   2.4063734e-01  -5.3543040e-01   1.4888653e+00   9.5640876e-01   1.3893062e+00   6.2499658e-01  -2.0780078e-01  -1.7248452e+00   9.6214718e-01   5.9456603e-02
   2.0000000e+00   7.3641825e-01  -2.4804188e+00   1.0046161e+00   8.0255848e-01   1.2874203e-01   9.6698514e-01   5.1061607e-01  -9.5958410e-01   1.9717719e+00   5.4571496e-01
   2.0000000e+00   8.1415728e-01  -2.3735400e-01   2.8879188e-01   7.1522209e-01  -1.1225687e+00  -2.0230933e+00   2.0231512e+00  -1.3387975e+00   7.3009887e-01  -1.4146638e+00
   2.0000000e+00  -2.8932454e-01   2.1207950e+00  -1.8253162e+00   8.5324754e-01   1.3520494e+00  -3.2947056e-01   1.2357069e+00  -3.8952459e-01   1.1024495e+00  -2.1706086e-01
   1.0000000e+00  -1.8936327e+00   1.8569375e-01   2.8149823e-01   9.7028185e-01   2.2897410e-02  -8.6561855e-03  -1.1435152e-01   6.5284549e-01  -6.4764775e-01  -1.0802158e-01
   1.0000000e+00   1.0068686e+00   8.4893059e-02   5.3611101e-01  -7.0579575e-01  -1.3236491e+00  -1.1962948e+00   1.3407342e-01  -2.5824828e+00  -2.0518160e-01   8.2483464e-01
   2.0000000e+00  -1.7045182e+00  -2.0674962e-01  -1.0973195e-01  -4.6771642e-01   1.6124897e+00   9.2589940e-01  -1.6003503e+00   1.5443062e+00  -5.2865928e-02  -9.1789504e-01
   2.0000000e+00  -2.2302442e-01  -9.5351774e-02  -1.6361975e-01  -1.6273079e+00  -7.6519519e-01  -1.1905757e+00  -1.2797217e+00  -1.0297413e+00   1.5362588e+00   1.8379972e-01
   2.0000000e+00   3.1214836e-01  -2.5285904e+00  -6.1301108e-01   8.4074829e-02   6.9836369e-01  -6.4951877e-01   3.0140434e-01  -6.6743171e-01  -2.1293060e+00   1.6750769e-01
   2.0000000e+00  -1.1917657e+00  -1.6152370e+00  -1.9593271e+00   9.3357180e-03   5.2704933e-01  -3.4429229e-01   2.8757679e+00  -3.5468697e-02   1.1471316e+00   1.3954695e+00
   2.0000000e+00   5.0230676e-01  -1.1078419e+00  -7.4595740e-01  -1.0416512e-01   1.2632860e+00   7.9495741e-01  -9.0199388e-01  -1.2063411e+00   7.0175835e-01   1.7885427e+00
   2.0000000e+00   6.4267762e-01  -6.7824790e-01  -7.4962838e-01  -7.5681735e-01   1.1261661e-01  -2.3817234e-02  -1.1488487e-01  -1.5462512e+00   2.6527318e-01  -1.0271567e+00
   1.0000000e+00   4.6418984e-01   3.7320250e-01   2.2224885e-01  -4.7907310e-01  -2.5552258e-01   1.0906413e+00   9.5747244e-01   1.3643448e+00  -4.4522507e-01   4.9341810e-01
   1.0000000e+00  -9.6303357e-01   4.1386388e-01   2.4397049e-01   6.1643036e-01  -1.6783457e+00   1.0888542e+00  -4.0206382e-01  -8.9850103e-01  -1.7711713e+00   9.2100223e-01
   2.0000000e+00   2.7121508e-01   1.7758735e-01  -6.3547511e-01   2.1981750e-01  -5.6491302e-01   5.4893090e-01   5.1220465e-01  -4.1995659e-01  -6.8654416e-01  -7.1518110e-02
   2.0000000e+00  -3.8323254e-01  -3.4842484e-01  -5.8086075e-01   1.0867251e-01   4.0582859e-01  -1.0940157e+00  -3.6624958e-01  -8.9989865e-01  -2.0057938e-01   1.4803591e+00
   2.0000000e+00  -2.1202747e+00  -1.6507719e-01   9.8502318e-01   6.3696039e-01  -3.5584778e-01   3.4454985e-01   1.0085695e+00  -1.4010819e+00  -8.1969672e-01  -6.5269375e-01
   2.0000000e+00   9.9910906e-01  -3.3345377e-01   1.1962227e-01   1.9416923e-01   5.0887904e-02  -1.0345053e+00   9.2164106e-01  -1.9102018e-01  -7.6653293e-02  -2.2922476e+00
   2.0000000e+00   4.7133746e-01   9.4127692e-01  -1.6970742e+00  -5.8840596e-01   1.2035173e+00  -4.5516371e-01  -1.6417740e+00  -3.5264810e-01  -2.0734052e+00   7.0901493e-02
   2.0000000e+00  -4.4968906e-01   1.3386321e+00   4.5669265e-01   1.0092703e+00   4.7433983e-01  -1.6169359e+00   1.3828979e+00  -3.7792006e-01   8.2335765e-01  -2.0167536e+00
   2.0000000e+00   9.5020342e-01   2.4101089e-01   1.7946251e+00  -3.1739109e-02   1.5564682e+00  -5.9733070e-01   1.7041263e-01  -1.5769237e+00  -3.5865214e-01   1.5988423e-01
   2.0000000e+00  -8.3919695e-01  -1.2039789e+00   4.5680452e-01  -8.3815692e-01   3.3951219e-01   5.1818320e-01   1.4671204e+00  -9.3747026e-01   1.8720965e-01  -1.3776941e+00
   1.0000000e+00  -2.7257569e-01   6.2426943e-01   9.4110520e-01   1.3686849e+00  -2.0875525e-01  -1.6206278e+00   6.7078886e-01  -2.0065615e-01   2.3611473e-01   4.9095166e-02
   2.0000000e+00   8.3017143e-01   1.4226728e-01  -2.5618722e+00  -4.1738017e-01   5.2091377e-01  -2.6623132e-01   1.0544620e+00   5.3402822e-01   1.2175790e+00  -4.7544433e-01
   2.0000000e+00  -1.3335390e+00   8.3155614e-01  -6.0194644e-01  -9.0895604e-01   4.4313690e-02  -5.9504160e-01  -3.7846328e-01   1.8751674e+00  -6.8347494e-01   3.7145659e-01
   2.0000000e+00   1.0530625e+00  -7.0328392e-01   1.2054074e+00   1.2841856e+00   1.6353179e-02   2.0040275e+00  -2.6130459e-01  -8.2329583e-01   2.5155463e-01  -8.7280381e-01
   2.0000000e+00  -6.8591942e-01   1.7141981e+00   1.3496167e+00   2.6728445e+00  -6.5128848e-01  -1.4481238e+00  -3.4764562e-02   1.5276134e+00   1.8024160e+00  -2.1034440e-01
   2.0000000e+00   4.9297947e-01   8.8655822e-01   9.6157239e-01  -8.4305602e-01   1.2102926e+00   8.8658876e-01   2.5338896e+00  -9.0562916e-01  -2.0273735e+00  -1.6247800e+00
   2.0000000e+00  -4.3559185e-01   3.2550766e-01  -8.7142453e-01   1.0633200e+00   7.6880506e-01   2.9813965e-01  -1.4561527e+00  -3.1804285e-01   7.0229591e-01  -2.1812545e-01
   2.0000000e+00  -1.0711860e-01   2.9451461e-01  -3.4093248e-01  -5.9627779e-01  -9.1640470e-02  -1.2213012e+00   8.9622861e-01   1.0132330e+00   5.6030297e-01  -3.3033039e-01
   1.0000000e+00   8.2914940e-01  -1.0180715e+00   5.7305910e-01  -6.3547175e-01  -7.9563881e-01  -3.5961110e-01  -8.9124171e-01   1.0880072e+00  -1.8606417e+00   7.6468631e-01
   1.0000000e+00  -1.3568097e+00   2.0419980e+00   1.4638472e-01  -2.8045866e-01   1.3863081e+00  -6.1791420e-01   4.4003373e-01   1.0767210e+00  -2.7014432e+00  -2.3431802e-01
   2.0000000e+00  -6.4390828e-01   1.1134011e+00   8.1357251e-01  -7.8301131e-01  -5.4486570e-02   9.2576565e-01  -4.5227436e-01  -2.7589596e-01  -5.0631977e-02  -8.5174327e-01
   1.0000000e+00   6.7985282e-01  -6.8994975e-01   4.2781930e-01  -1.2043155e+00  -5.3622972e-01   8.6799194e-01  -2.4696590e-01   1.0872295e-01   9.8415775e-01  -7.5176168e-01
   2.0000000e+00  -5.5653083e-01  -3.9918342e-02  -1.3882248e+00  -1.9315776e+00   2.6554667e-01  -6.1737742e-01  -6.7430448e-01   5.9545693e-01  -3.6601324e-01   6.7745754e-01
   2.0000000e+00  -9.3525359e-01   8.5100916e-02  -1.6318670e+00  -1.3739787e+00   1.0019848e+00  -4.7972695e-01  -1.0944143e+00   2.8081661e+00  -5.6439462e-01   7.4140413e-01
   1.0000000e+00   9.9944865e-01   1.5362139e+00   6.7603551e-01  -9.9637847e-01   5.2578977e-01   7.1221762e-01   1.0293759e+00   1.3178774e+00  -2.5480171e-02   2.6123805e-01
   1.0000000e+00   8.0762853e-01  -7.2832487e-01   1.8522509e-01   5.6746060e-01  -5.3723930e-01  -9.5174651e-02   1.3452976e+00  -4.9818438e-01   4.8536912e-01  -5.5957294e-02
   2.0000000e+00  -9.7239160e-01  -5.1570373e-01  -6.9089507e-01   1.8087971e+00   6.5315618e-01   4.6692137e-01   3.8111919e-01   8.7329352e-01   3.2500053e-01  -1.1529755e+00
   2.0000000e+00   1.6597712e-01   2.2758272e+00  -9.5522572e-01   1.2143995e+00  -1.9685532e+00   1.3170537e+00  -8.1394615e-02  -9.9784416e-02  -4.5607179e-01   4.6832952e-01
   2.0000000e+00  -1.0242019e+00  -9.2150023e-01  -1.1287634e+00   2.0235259e+00   4.3128626e-01   1.1156271e+00  -1.6236727e-01  -5.7689006e-01  -9.2846332e-01   9.4186323e-01
   2.0000000e+00  -5.1066892e-01  -2.1934665e-01  -9.0144257e-01  -6.9929182e-01  -7.3176090e-01  -1.1987831e+00  -4.6271336e-01  -9.2079341e-01  -8.4471362e-01  -1.2186712e+00
   2.0000000e+00  -4.6788769e-01   4.1482813e-01  -2.0749066e+00   7.3985934e-01  -5.6915592e-01  -1.3496782e+00  -6.4504712e-01  -6.8438420e-01   1.3932110e+00   1.2113939e+00
   2.0000000e+00   1.7425206e+00  -2.9109058e-01  -1.2703723e+00  -3.4958768e-02  -1.6813979e+00  -1.1137868e-02   2.5611833e+00   4.0258360e-01  -8.0573414e-01   1.6108776e-02
   2.0000000e+00  -1.2310460e+00   5.4420472e-01   6.9197969e-01   1.2893123e+00  -1.4769270e+00   1.0472589e+00  -2.8407768e-01   1.0335865e-01  -2.0217962e+00   1.8893257e+00
   2.0000000e+00  -1.1707502e+00  -5.2687438e-03  -1.5805408e+00   1.3607176e-01  -1.6032925e+00   8.0727090e-01  -7.3759863e-01  -1.4831574e+00   2.0007062e-01   2.9074509e+00
   2.0000000e+00   2.1229469e-01   3.6093840e-01  -6.7340164e-01   7.1754285e-01  -1.8875084e-01   3.3853396e-01  -4.3829363e-01   3.8867091e-01   4.6372679e-01  -5.7917371e-01
   2.0000000e+00  -1.8090006e+00  -1.1559007e+00   3.4805163e-01  -2.3613919e-04  -5.2835292e-01   1.8206502e+00  -7.1534511e-01  -9.8357423e-01   2.0808013e+00   1.0232147e+00
   2.0000000e+00   8.4701761e-01   8.8737702e-01   8.1487801e-01   1.3412455e-01   4.4173213e-03  -1.2107622e+00  -9.8358006e-01  -5.9014011e-01  -1.6235238e+00  -8.8862949e-01
   2.0000000e+00  -6.9582653e-01   4.5228644e-01   8.9321252e-01   2.1786856e+00   1.4800615e+00   1.2766676e+00  -6.5343575e-01  -1.1811006e+00  -5.7348827e-01  -1.2949019e+00
   1.0000000e+00  -3.7807476e-01  -5.9039493e-01   6.4953124e-01   1.8347847e+00   1.3015735e+00   2.8335724e-01   4.2175058e-01  -3.2014224e-01   1.7139085e+00   2.7480415e-01
   2.0000000e+00  -4.2426399e-01  -1.2440141e-01  -5.8651955e-01   1.0787587e-01  -8.1202107e-01   3.0364850e-01   5.9747515e-01   1.3060404e+00  -3.5724800e-01   7.8216666e-01
   2.0000000e+00   9.0944753e-01   4.5981376e-01   1.0592884e+00  -3.5785358e-01  -5.1301460e-01  -3.3885370e-01   5.3072361e-01   1.8598135e+00  -4.1916021e-01   5.7994194e-01
   2.0000000e+00   2.2834257e-01  -1.1028250e+00  -2.0048330e-01  -2.2267374e+00  -6.8747259e-03   1.3424693e-01   4.1499876e-01  -6.9086049e-01  -3.3572926e-01  -1.3411480e+00
   2.0000000e+00  -3.8019651e-01  -1.7156836e+00  -1.1572527e+00  -2.9575033e-01   5.3126223e-01  -1.4018201e-01   9.1406229e-01   1.2089645e+00   1.1335857e+00   1.1120354e+00
   2.0000000e+00   8.8556857e-01   2.3939827e+00  -1.1527033e+00  -1.3062024e+00   6.3147753e-02  -1.2325648e+00  -1.7245502e-01  -6.4021935e-01  -5.0844870e-01  -3.9526641e-01
   2.0000000e+00  -1.8341318e-01   4.0531127e-01  -4.3266122e-01  -1.2043816e+00  -7.5481973e-01  -1.2567538e+00  -1.9961318e+00   8.4345491e-01  -1.7517515e+00  -1.5578213e+00
   1.0000000e+00   1.5131499e+00  -9.8755021e-01   5.6063880e-01  -1.3839323e+00  -1.1546437e+00  -4.8144049e-01   7.8255519e-01  -3.2160869e-01  -3.6822001e-01   4.2199817e-01
   2.0000000e+00  -4.8361822e-01  -1.0652077e+00  -9.6762350e-01   2.6832840e-01   1.6117582e+00  -9.7192689e-01  -7.2463389e-01   6.6574244e-01  -1.0342014e+00   1.0289730e+00
   1.0000000e+00  -7.2881850e-01   2.5654363e-02   5.7837839e-01   7.3639990e-01   9.6116378e-01  -1.1964675e+00   4.5785356e-01   7.9338185e-01  -8.1930789e-01   2.0966470e-01
   2.0000000e+00  -1.3098728e+00  -1.4330873e+00  -8.8765751e-02   1.0020815e+00   3.8922786e-01  -1.4109021e+00  -8.5940718e-02  -2.5370070e-01   8.6544000e-01   4.4537445e-01
   2.0000000e+00  -6.9021374e-02  -8.5913974e-01  -2.9674491e-01   5.2073899e-01  -1.9320318e+00  -1.6447877e+00  -9.6220257e-01   2.6696337e-01  -1.8189638e-02   1.2646304e+00
   2.0000000e+00  -1.3719382e+00   9.0939522e-01   6.8809353e-01   3.7529658e-01  -1.6929005e+00  -6.6884509e-01   2.5444538e+00  -1.8705111e+00  -1.8756294e+00  -1.3327057e+00
   2.0000000e+00  -7.3563717e-02   3.2737569e-01  -1.6427420e+00   2.3230124e-01  -1.2812619e+00  -6.2615870e-01   6.7917666e-02   2.9127113e-01  -2.2481442e-01  -3.7208854e-01
   1.0000000e+00   3.3336927e-01   3.1144989e-02   5.9643281e-01   5.2393489e-01  -1.0860942e+00  -5.9291854e-01  -1.6401131e+00   1.8961588e-01  -1.9405125e-01  -5.5456282e-01
   2.0000000e+00   1.6184813e+00  -6.9018742e-02   1.3788590e+00  -3.6731714e-01  -1.1011824e+00  -3.6974336e-01  -3.0941671e-01   8.1289600e-01   7.7066579e-01   5.8494286e-01
   1.0000000e+00  -2.1807757e-02   6.0472219e-01   2.3285473e-02   1.5282109e+00  -1.2524355e-01   8.1857389e-01  -6.7735739e-01   8.4434665e-02  -4.8725663e-01  -2.6885131e-01
   2.0000000e+00  -2.6928388e-01   2.3251897e+00  -1.0363033e-01  -1.4789937e-02   2.1373987e-02  -3.9147112e-02  -1.6335422e+00  -9.9388449e-01   1.5679076e+00  -4.2180900e-01
   2.0000000e+00   8.0429421e-01  -5.8711427e-01  -5.4368760e-02  -6.2113261e-01   3.1200961e-01  -8.0803384e-02   4.3446372e-01  -9.7529340e-01  -1.6651741e-01   1.0746928e+00
   2.0000000e+00   1.5982996e+00  -3.0477687e-01  -6.6241076e-02   1.2677517e+00   4.7003549e-01   7.3067867e-02  -9.1956180e-01   7.8234100e-01   5.5860552e-01   2.5808868e-01
   2.0000000e+00  -8.9324145e-01   1.0862962e+00   1.1270231e+00  -3.1621554e-01   9.5262553e-01  -8.3890896e-01   9.6645325e-02  -3.8247675e-02  -1.1745640e+00  -2.2088388e-01
   1.0000000e+00   6.8093426e-01   2.3801310e-01   1.3072150e-01   6.3427592e-01  -6.5683488e-02  -5.8986564e-01   2.6195242e-01   4.1684453e-01  -2.1880391e+00   7.9808180e-02
   2.0000000e+00   1.6006651e+00   5.5509832e-02   1.9894846e+00   1.2384000e+00   1.2206333e+00  -7.0054384e-01  -3.5785863e-01  -7.3020280e-01  -6.7102659e-01  -2.8132185e-01
   2.0000000e+00   4.2882955e-01   4.0053772e-01  -1.2817546e+00   5.3051920e-01   1.5097282e+00  -2.7950313e-01  -3.6604733e-01  -5.1116550e-01  -9.5035593e-01  -8.0133151e-01
   2.0000000e+00   1.2050440e+00   1.8493272e+00   1.0873322e+00  -6.3605896e-01   8.2111740e-01   1.8439434e-01  -4.2610298e-01   6.8002439e-01  -7.1804326e-01   7.9375502e-02
   2.0000000e+00  -2.0740515e-01  -1.1791129e+00  -9.5778358e-01  -9.1516122e-01   5.5109899e-01   2.1343852e-01  -1.3802394e+00  -2.2930054e-01  -1.9699136e-01  -4.9062992e-02
   2.0000000e+00  -2.1139850e-01  -4.4652934e-02  -1.6276325e-01  -6.8493694e-01  -6.3737572e-01  -9.6527235e-01  -1.9086434e+00  -1.6302813e+00   1.2176443e+00  -1.8366480e+00
   2.0000000e+00   2.5952234e-01  -4.9184394e-01  -6.2919692e-01  -1.3875226e+00  -3.0573868e-01  -6.8487068e-01  -8.6381603e-01  -1.0743939e+00  -3.0216333e-01  -4.3803590e-01
   2.0000000e+00   4.9041523e-01  -5.5249304e-01  -5.6189916e-02   9.7790629e-01   8.2119786e-01  -2.5796415e-01   1.3383047e+00  -1.0587368e+00   2.9068913e-01  -1.7586932e+00
   1.0000000e+00  -4.5819386e-01   2.1256601e-01   4.7967525e-01   1.7135690e-01  -6.7698910e-01  -3.5189012e-02  -7.0474606e-02  -5.7846854e-01  -2.1292363e-01   7.0685144e-01
   2.0000000e+00  -4.7604351e-01  -4.9424306e-01  -1.7436330e+00  -6.7262147e-02  -5.5448289e-01  -7.8527319e-01   1.7460202e-02   1.5670686e+00   4.3152323e-01   2.5482306e-01
   1.0000000e+00  -2.5461341e-01   1.1763296e+00   5.8072250e-01  -2.0922207e-01   1.3033487e+00  -2.8700101e-01  -1.5297018e+00  -1.3954210e-01   3.9097074e-01  -7.2808825e-01
   2.0000000e+00  -3.6807923e-02  -1.9132651e+00  -1.2847788e+00   1.1005940e+00   6.5676897e-01   4.0350474e-01   1.1563063e+00  -1.4166559e-01   1.7281813e+00  -9.7953217e-01
   2.0000000e+00   3.2188531e-01  -3.2622555e-01  -5.1025478e-01   5.3436100e-02   7.8054747e-01   5.4067834e-01  -3.7234233e-01   1.5638857e+00   1.6619155e+00  -1.1778193e+00
   2.0000000e+00   1.4960481e-01  -6.1439920e-01   1.1763525e+00  -9.0060928e-01  -5.6810846e-01  -8.2795924e-01  -7.1105437e-01  -7.7993805e-01  -5.7917736e-01   1.2939344e+00
   2.0000000e+00  -1.9583735e-01   2.6295793e-01   2.1541175e+00  -7.1135638e-01   5.8070935e-01   7.0992759e-01  -1.0101638e+00   2.3055456e-01  -4.9113379e-01   2.8017112e-01
   2.0000000e+00  -4.6409989e-01  -9.9514404e-01  -2.2954399e+00  -5.9286746e-01  -9.1110641e-02   1.7235830e+00  -3.1461867e-02   6.0110420e-01   8.6418642e-02  -1.8836025e+00
   2.0000000e+00   7.4455502e-01   1.1555151e+00  -5.0262067e-02   2.1037634e-01   4.2425450e-01  -9.5519251e-01  -6.2123975e-01  -6.4699536e-01  -1.4654533e+00   6.2983345e-01
   2.0000000e+00  -3.3777106e-01  -9.7649272e-01  -2.5870288e-01  -1.7654971e+00   1.0718460e+00   1.1446240e+00   1.0095248e+00  -1.0962201e-01  -3.6298220e-01  -1.6861070e+00
   2.0000000e+00   2.1830409e+00  -3.4526296e-01   1.7012622e+00   1.0220448e+00   1.3000953e+00  -6.8290024e-01  -7.4148988e-01   1.5965237e-01  -3.4336262e-01  -4.9799865e-01
   2.0000000e+00   5.5766824e-01   9.9996727e-01  -4.5862453e-01  -4.3144399e-01  -3.6015749e-01   5.7759277e-01   2.6358887e+00  -4.4462068e-01  -2.3701651e+00  -2.3673700e-01
   2.0000000e+00   3.1746469e-01  -7.9325551e-01   6.0100320e-01  -4.3677974e-01  -5.0626751e-01   1.4139978e+00  -6.4809398e-02   8.8925322e-01   1.1412835e+00   1.3436072e+00
